1 249 10 Фиб 34{^2}1{^1} 9С 10 11 651111 Факт 10 117 10 Фиб
2 270 10 Фиб 1{^2}{^3}0{^4} 9С 10 12 262320 Факт 10 130 10 Фиб
3 292 10 Фиб {^4}1{^3}22 9С 10 13 543210 Факт 10 144 10 Фиб
4 315 10 Фиб 703 -10 10 14 430121 Факт 10 159 10 Фиб
5 339 10 Фиб 814 -10 10 15 140301 Факт 10 175 10 Фиб
6 621 10 Факт 925 -10 10 16 354320 Факт 10 192 10 Фиб
7 732 10 Факт 136 -10 10 17 142121 Факт 10 175 10 Фиб
8 843 10 Факт 1001010 Фиб 10 18 611020 Факт 10 192 10 Фиб
9 954 10 Факт 1001001 Фиб 10 19 244321 Факт 10 210 10 Фиб
10 265 10 Факт 1010010 Фиб 10 20 613301 Факт 10 229 10 Фиб
21 42 10 Фиб 147 -10 10 31 121 10 Факт 1010101 Фиб 10
22 45 10 Фиб 258 -10 10 32 232 10 Факт 1001001 Фиб 10
23 49 10 Фиб 369 -10 10 33 343 10 Факт 1010010 Фиб 10
24 54 10 Фиб 470 -10 10 34 454 10 Факт 1001000 Фиб 10
25 60 10 Фиб 581 -10 10 35 565 10 Факт 1000101 Фиб 10
26 67 10 Фиб 692 -10 10 36 676 10 Факт 1001001 Фиб 10
27 75 10 Фиб 33{^2}00 7С 10 37 787 10 Факт 1000100 Фиб 10
28 84 10 Фиб {^1)303{^2} 7С 10 38 898 10 Факт 1010001 Фиб 10
29 94 10 Фиб {^1}{^2}{^3}21 7С 10 39 909 10 Факт 1010010 Фиб 10
30 105 10 Фиб 2{^1}33{^3} 7С 10 40 510 10 Факт 1001001 Фиб 10