1 39275 10 7 55856 13 10 46320 7 13 35,34 10 2 2A,A3 16 2
2 40311 10 11 46200 7 10 370D1 15 5 93,64 10 2 FA,BC 16 2
3 20946 10 5 A4702 11 10 89358 13 7 67,95 10 2 B9,46 16 2
4 62740 10 5 56666 9 10 89618 11 9 46,96 10 2 32,22 16 2
5 49152 10 13 17566 9 10 799BC 15 5 99,27 10 2 E1,DB 16 2
6 29351 10 15 47658 11 10 C9120 15 5 56,37 10 2 33,25 16 2
7 35292 10 5 17A0A 11 10 13242 7 13 33,45 10 2 14,69 16 2
8 52261 10 7 14511 9 10 17008 9 11 30,91 10 2 48,4C 16 2
9 59047 10 15 33240 7 10 21300 9 11 94,85 10 2 CD,BC 16 2
10 17109 10 13 55404 9 10 25860 9 11 35,22 10 2 5F,26 16 2
11 36734 10 13 20046 7 10 30242 5 15 87,71 10 2 29,5B 16 2
12 57970 10 5 23143 5 10 11204 5 15 46,64 10 2 C2,59 16 2
13 38985 10 7 CAD9B 15 10 628ED 15 5 36,63 10 2 58,3C 16 2
14 76779 10 13 53255 7 10 53441 7 13 69,47 10 2 8A,63 16 2
15 69244 10 9 66875 9 10 12250 7 13 63,99 10 2 6B,51 16 2
16 35146 10 7 13608 11 10 12024 5 15 89,11 10 2 8C,9D 16 2
17 25334 10 9 22211 5 10 3CAAD 15 5 53,54 10 2 72,98 16 2
18 28593 10 5 868A3 13 10 495D7 15 5 48,77 10 2 28,A2 16 2
19 70013 10 9 A414C 15 10 41343 5 15 39,44 10 2 EC,42 16 2
20 68981 10 7 40403 5 10 B9235 15 5 58,88 10 2 BA,12 16 2
21 34106 10 15 16116 7 10 21104 5 15 51,96 10 2 41,6C 16 2
22 94118 10 15 9A977 13 10 95183 11 9 65,94 10 2 DE,86 16 2
23 31961 10 13 60678 9 10 74B55 13 7 96,87 10 2 FB,B1 16 2
24 74496 10 7 20021 5 10 27072 9 11 43,68 10 2 59,DF 16 2
25 46318 10 15 25115 7 10 29A13 11 9 26,48 10 2 5A,EF 16 2
26 85407 10 11 1A550 11 10 43455 7 13 36,19 10 2 83,E1 16 2
27 25307 10 9 10053 7 10 28D10 15 5 52,16 10 2 3B,64 16 2
28 25285 10 15 C2A41 15 10 40674 9 11 10,25 10 2 7D,F5 16 2
29 50822 10 9 85667 9 10 10101 5 15 68,82 10 2 25,23 16 2
30 95518 10 11 89373 11 10 2E6ED 15 5 68,41 10 2 B5,12 16 2
31 92934 10 11 A0661 13 10 71574 11 9 56,26 10 2 9B,AA 16 2
32 64073 10 7 31234 5 10 B0524 13 7 95,73 10 2 EA,D9 16 2
33 27162 10 7 84054 11 10 4435A 15 5 27,58 10 2 6A,36 16 2
34 88222 10 15 46632 7 10 66062 9 11 24,63 10 2 BA,B9 16 2
35 35069 10 5 36934 11 10 83488 9 11 94,76 10 2 47,48 16 2
36 83932 10 15 87238 13 10 4945C 13 7 46,33 10 2 68,76 16 2
37 21909 10 9 57A0A 11 10 BECD6 15 5 64,81 10 2 C7,A8 16 2
38 46302 10 11 6CD08 15 10 B3BC9 13 7 93,88 10 2 3E,9D 16 2
39 61196 10 9 20601 7 10 41230 5 15 12,83 10 2 3C,6F 16 2
40 18491 10 7 66305 11 10 B2E7D 15 5 40,56 10 2 F9,A2 16 2