1 34,17 8 2 0,011111 2 16 0,010011 2 10 BF,FA 16 10
2 22,17 8 2 0,000101 2 16 0,001101 2 10 47,C4 16 10
3 27,71 8 2 0,000011 2 16 0,010101 2 10 C3,71 16 10
4 15,26 8 2 0,001001 2 16 0,101111 2 10 D8,A5 16 10
5 72,32 8 2 0,000111 2 16 0,010101 2 10 BB,78 16 10
6 50,56 8 2 0,000101 2 16 0,110111 2 10 71,F1 16 10
7 23,77 8 2 0,110011 2 16 0,010001 2 10 79,87 16 10
8 24,22 8 2 0,011101 2 16 0,011111 2 10 25,4D 16 10
9 76,22 8 2 0,111111 2 16 0,100111 2 10 E3,AF 16 10
10 36,36 8 2 0,010001 2 16 0,010001 2 10 CF,A2 16 10
11 37,76 8 2 0,100101 2 16 0,001111 2 10 C9,CB 16 10
12 15,33 8 2 0,010001 2 16 0,000111 2 10 B4,CE 16 10
13 66,36 8 2 0,110111 2 16 0,001001 2 10 A6,CF 16 10
14 36,37 8 2 0,110111 2 16 0,111011 2 10 14,12 16 10
15 63,51 8 2 0,000101 2 16 0,010111 2 10 6E,D5 16 10
16 23,74 8 2 0,000101 2 16 0,100001 2 10 8C,E9 16 10
17 25,11 8 2 0,011111 2 16 0,000001 2 10 7A,87 16 10
18 31,42 8 2 0,110101 2 16 0,011001 2 10 69,18 16 10
19 36,43 8 2 0,000001 2 16 0,010001 2 10 86,86 16 10
20 34,43 8 2 0,111101 2 16 0,100001 2 10 52,A1 16 10
21 14,67 8 2 0,001101 2 16 0,001011 2 10 1B,08 16 10
22 10,55 8 2 0,110001 2 16 0,101011 2 10 DE,EF 16 10
23 43,71 8 2 0,001111 2 16 0,011101 2 10 68,88 16 10
24 13,36 8 2 0,100001 2 16 0,110011 2 10 81,76 16 10
25 44,12 8 2 0,011111 2 16 0,110011 2 10 2E,22 16 10
26 22,32 8 2 0,011101 2 16 0,001001 2 10 B7,F4 16 10
27 73,14 8 2 0,001001 2 16 0,011001 2 10 1F,1E 16 10
28 41,25 8 2 0,000001 2 16 0,000011 2 10 6F,09 16 10
29 63,56 8 2 0,110101 2 16 0,101111 2 10 B7,93 16 10
30 25,22 8 2 0,101001 2 16 0,101101 2 10 28,D2 16 10
31 55,63 8 2 0,010001 2 16 0,011001 2 10 AD,4D 16 10
32 41,17 8 2 0,100001 2 16 0,000001 2 10 45,19 16 10
33 35,47 8 2 0,011011 2 16 0,100101 2 10 FC,BD 16 10
34 65,21 8 2 0,101001 2 16 0,000101 2 10 FC,2C 16 10
35 61,25 8 2 0,010111 2 16 0,111101 2 10 CD,BF 16 10
36 10,56 8 2 0,011101 2 16 0,010001 2 10 8F,41 16 10
37 26,33 8 2 0,101101 2 16 0,110111 2 10 33,14 16 10
38 33,27 8 2 0,010011 2 16 0,000011 2 10 45,47 16 10
39 35,43 8 2 0,110111 2 16 0,010011 2 10 EE,3C 16 10
40 62,43 8 2 0,100001 2 16 0,111011 2 10 EF,10 16 10